1949981
5355655
587479
587484
2875349
3045288
64999
65001
1936600
1096336
2425121
437968
1718244
2561053
3064048
2589818
3798371
731890
529607
1940245
1655378
2187170
2542946
5880068
2698731
7508035
2182010
3368094
4653166
1841177
6688945
2409165
1540875
3362676
1540871
2416180
1633889
2605759
2095832
1540889
2122146
5615079
5615078
3096664
1612308
2498668
3393904
5124174
2208928
3353702
641691
4481538
5341577
1047518
1224267
562723
5422018
2437110
4233378
4713013
1118584
5071407
4465690
303265
6477163
4017609
3614744
1837331
4594891
3065363
2754171
3591146
5928694
2799459
2668472
2799475
1822533
657719
30035
2799496
1112077
709124
2799470
852762
852766
359311
684509
1000803
2388500
719066
36417
1302201
620011
2248766
1867662
2641330
3389419
2372386
1324469
2799464
2848310
162212
34456
24229
309439
3977589
3395699
4098410
24265
3081410
3934664
5093503
2774669
319838
117182
3303737
312711
34446
1694484
2027504
1919216
1478029
65015
3148414
2216208
669473
688836
665692
398342
260899
1807524
560783
2597454
2878011
2603521
2594745
1979272
2914879
674443
3370706
7892042
525958
3369895
539683
2403401
476740
2802233
3385623
2419999
1633878
2419869
1540885
2095489
1646621
655250
2416183
2882514
7474081
4818792
6886590
7929470
906142
2357980
906141
2357981
3184610
1461397
429733
1850465
5635960
1846380
6038122
4187023
3239718
4651905
7476727
4291119
7236774
312645
2980867
143465
3065350
3194504
1619823
3218813
3309061
4017807
977662
29536
1324467
145027
576376
30553
1216966
158904
337582
29040
5928696
840062
423446
619195
297450
948442
753482
1125324
3577258
311342
1129160
1125582
42361
1324466
2977056
7459036
2908292
5928692
7459037
303485
3081411
5438913
6512914
1720526
4373376
6837687
1294860
231922
4469819
4080477
24266
65000
844928
575468
1480106
669470
437259
1981219
345135
2156172
54311
845397
844919
844930
3097459
181237
2306978
1478033
669469
575470
4093501
3038086
2085312
711625
1122169
3101972
8162930
3036573
1516269
3650060
844920
2079329
773946
2079327
2527415
2440783
845387
2985615
713355
665708
4163741
845380
1505137
2103520
665747
32655
665710
1933008
845398
669472
4736990
2087073
3812889
3036577
3086199
8162925
3045285
1138874
665511
665743
2527346
978544
2005303
4736993
665730
1429483
1888223
997398
3558
1328828
786125
720739
4329993
4012480
665706
7498829
2148956
3903446
1981218
1952730
5324715
2211039
4340628
4305419
3313705
669479
5279651
3888631
4736994
3481962
206393
1314937
621251
1953419
453120
3097461
5404500
3455354
1105827
1849858
845386
2662508
3901531
845383
3898098
2103519
5324686
1952617
4108031
3789405
1028275
4163492
665729
1705830
65002
270190
64669
1418663
665748
1516270
1478036
5355657
2545167
4304980
4705659
3388170
3888680
1486335
575829
665751
3673403
3888654
665758
4610967
2662773
8130751
5288362
2527344
1908647
1892672
4736992
1447958
1936645
1480107
3888623
277450
654761
2535678
65016
7395101
4705666
3664944
3838173
1015603
5342844
2246775
3910868
3888627
3054613
1169475
665685
3825978
1411415
4517960
4896272
1914363
3291067
3463101
5355656
1516273
1919218
2402894
3418468
4074201
1689180
1486479
1399412
3690213
1938718
1944885
1955286
3838149
665731
665749
4727097
4340639
3025203
4736995
2085311
4722601
1486347
665510
5215766
8211137
1690950
1483358
3888732
4720205
1857337
5324687
1873638
3755342
577104
1375125
1934204
2562102
238529
1868557
1790142
108483
2601156
2587456
1867098
1770860
190026
1731755
1783843
1593406
3169964
743549
2583943
2178366
307924
443600
3581038
2576110
2055372
2178602
1779066
698501
2198772
2589047
955926
4615557
95096
1854081
1850074
2300099
1845334
1194312
4565429
2595862
1885310
1838940
2590810
3336451
4723737
1853499
7035403
3098951
1643452
802062
2585328
1822585
1869206
196318
3187620
1822497
3723548
1853532
2568954
1706572
3427188
2577936
3169957
1745240
2498660
1612679
1934223
1868866
408482
1867046
6328393
2264825
316640
1822498
6548045
3116355
6706278
3519503
1846233
3217855
4852225
4399206
4934010
5426977
1850073
768683
5302344
1779064
979262
2424928
2563424
1867547
1255520
1869541
5338310
5367555
7087722
1867702
437987
168191
4685862
1284225
3086304
3687274
2705249
1836407
5963678
1866798
5219048
1694334
1790143
1868755
1845108
6125690
1716825
2557408
863456
7126126
1049333
1838783
1883654
2178963
6653517
1867688
1837148
2162950
3392348
1353829
2587249
6962202
2498664
498484
768594
5892661
114328
3471540
5028352
1733991
2592302
6112296
3086307
5890023
6575234
458119
3163556
1850728
4226896
1807617
1867428
7445474
8182890
5747584
1867535
1867318
5357132
2956377
4325416
6816610
3852277
1283076
7436367
2179256
6706324
5571545
6750226
8097199
2158309
1183271
5519806
3553814
2987453
5895728
7375467
7737589
5886719
4900493
2705252
3288623
1853380
677585
7219685
2447450
7490522
7566739
2566244
4792760
7390179
347220
1790138
4604075
3189898
5276245
4565426
1836315
3694475
4329036
1835649
6557188
7762887
948048
3602017
2829510
1538646
704077
656083
2429861
478582
1502351
151263
2533934
989920
4578122
2410320
4758998
1371810
426085
2935093
703554
2584778
2109028
1548085
4583268
2410958
2665661
1670233
253614
4228545
2456173
2182008
660890
3758151
3210234
883417
229934
3757013
3359900
4571838
5641318
151525
309454
1697469
3631291
4771315
2905395
1735730
2442284
883200
2036220
3668344
8275830
3668267
1655381
8283600
2246071
2444332
1417871
8283591
1313600
2093999
703538
1299277
883204
2878868
4277901
3642580
2331377
2156511
3366960
2170849
4060395
3791922
1097409
1500942
663418
1599445
5530220
1296507
2456167
2067413
1602877
850330
168696
157066
7567396
2140404
3031047
8238119
2650712
3836414
316352
1893531
1603093
1603108
1534311
2909255
1600787
1201142
4344165
2683074
2254390
534616
1300274
2421821
3848591
3729036
1214421
1927390
3668791
1541070
749869
1750642
1263293
3168319
1599505
2925350
1887125
5487438
8238120
2462914
91553
503232
4092059
1798725
2773827
384604
2696777
3961574
2104025
1355468
1335837
849222
8238121
1205269
8247102
2803664
1602996
4280117
5580640
1750686
1603015
4576783
1785262
1750734
349600
311989
576269
195099
8238122
7569051
3254399
1681727
2448323
663419
151491
2781793
2254373
5660837
2639503
3375225
2767523
287097
3778517
2167665
1347275
4576797
4420549
2023182
2904353
7046736
422535
3162776
974326
8245702
1804245
7417327
641914
2467255
4944175
1634994
703553
1670234
8245708
1670231
1742140
1670223
316733
1626467
8247278
2171610
2456476
2454606
1250023
151165
151488
8246486
1746547
157015
1457423
1352334
1553256
1682323
2962167
2419789
6853685
2416182
7474083
1673159
2419717
2419786
1624651
7474080
1682331
7474078
7474084
555096
6853679
2419917
2417792
6853680
2419866
6853682
1291745
1530833
3266752
1689886
1600653
1635145
1530878
1635146
1682330
83142
1635144
1635147
2419859
1669789
1689884
1689871
2419705
2419711
1600663
2419708
2538630
1689867
2419846
2419785
2420032
2419911
2333412
937667
1606765
870763
2358333
3141753
3141838
2610206
1798154
3496778
1461395
1180847
709045
2571553
3240649
1456487
1327847
160457
2703405
3805349
3141865
898251
2726378
1392007
3006588
2339958
2014330
3191102
65675
839236
4255840
2133272
2726371
3940726
1460150
312313
1205766
4630131
1464295
4521833
5951054
4620779
2190682
2578428
1434850
2578830
194116
589824
1295356
2462285
1526400
1674900
3397277
3141794
2703412
160456
2613852
4369051
2768032
1733367
4050088
2388419
4307709
1049075
3045911
3521957
1721446
2703420
847202
3034836
5262911
4644124
2682798
1721447
2358335
24446
3206201
1720486
3083968
4262839
413734
4262816
3600570
1606503
3086596
6557552
166774
4981573
4993472
2703407
730212
3829074
2806817
1549132
2201434
1915654
1280515
4664847
2296299
1718097
429965
1280510
4369075
2634861
792132
988610
1800394
4644374
3213366
3254008
1049070
3042134
3079076
1770509
3601814
547222
4337708
4262850
194126
420174
4936055
5029835
414909
1290136
4183963
2713510
4481583
47193
678040
4964338
1526695
3213367
2573624
864951
1001192
2817325
4658441
5032866
885294
1198028
827150
4365139
4262788
2703409
353526
4967141
2907463
3688219
2398715
4262799
3079073
4246073
1495475
5475880
8296641
4722268
264067
3250390
35177
5995387
4993469
4644113
1720594
2473099
2682499
2388418
575521
847204
1687628
4912678
1584709
684256
4100541
4634339
5475881
4017610
2628904
4361044
1720485
1461335
4525646
4262860
312560
4967111
4240765
4961489
353541
2806800
5475877
1792263
17837
2629171
6125004
8221928
2498669
6810783
4994867
3079068
3583601
2510936
5040008
7514203
277255
1454220
3239720
2403747
1482630
733876
1047517
3034226
84438
1299424
220302
2734703
4574601
1456110
115078
2952049
571125
3013251
790638
5342008
126164
2975557
4352827
1230083
46361
4316948
2489829
1258618
1417248
384647
869032
1248421
4443329
2130575
583415
4456908
4019784
82799
1254457
5219522
2365684
1417288
4278114
4247037
311467
38254
3017138
2144110
4346113
1949724
1130970
3701377
4334127
4530685
4390163
1414524
5724416
4344680
5177442
2939739
46365
5870093
46363
560148
312687
2427629
1482675
84437
4294642
1885203
303905
1482614
868998
2767943
4480149
1118582
4716738
4526558
2668260
6188022
7418049
1879244
5776215
678020
5960527
4025552
869028
3979256
46364
4022497
2895656
295116
220280
7858298
4707700
8298510
4501635
1275748
1223930
4372435
3775356
144012
2380120
4233375
2287113
4187022
2343624
2365662
46360
7926044
4452293
7452442
1420740
1118583
5954666
6091165
4900774
5954664
7244537
7906434
4637906
2525201
1772130
6546158
8032408
7869549
4059643
6336138
7681518
7842865
8032441
3968041
4530380
2831934
1381168
1212204
5390687
7687676
4295223
4795037
47868
5960498
1600048
220489
4233377
2093945
4685439
115081
4237703
1619812
6381744
715531
2348432
1885202
963810
179677
3119721
38223
486744
6779110
3097229
309162
4187024
1212206
6824075
1885205
7218367
84436
7962112
5157920
5944508
4352765
869020
7529589
5954665
4232504
4196554
739743
89573
4719034
739750
1504599
2716137
648583
4288784
4718934
6606162
4349607
3519865
2705136
4945232
6641385
5845626
84439
5480255
1529363
4513702
4775976
6495010
330399
5077743
2356034
3131361
4017611
4993980
2001776
6495009
4017806
6512913
1837328
6512912
2899790
4017808
2179231
5144822
5928691
1837333
3947223
4429024
29789
99155
4993979
2919183
6517120
2220059
330406
2755242
3267397
1720531
2220039
5772094
4891946
42213
2220054
2688434
2220030
4327213
3270690
6517037
2220025
1674910
7853797
2220032
3270699
2220064
3270697
7778841
2220063
3270695
1590910
8040768
2220020
4429014
2220058
2700633
5144821
3859017
1612476
2220016
2220060
5928689
1720525
2220033
2220029
2220019
2220036
2220055
3999423
7012800
2151818
1837318
1909978
2419967
4043071
4759638
4761995
1837332
3666011
1837330
3332196
5196528
6517733
6512911
3500616
6494927
715954
3291815
6512921
5144827
1137351
3979441
1049024
5144823
6846765
5144828
5144825
4842910
5928688
146272
1786821
2650469
7459033
2754167
5508222
7459038
7459035
1869239
184225
7413301
5023545
4923463
2736400
768948
460472
24263
1077121
2719875
3105179
30105
315084
2799473
3104896
1364496
7459032
41720
32936
6230154
6765382
6156294
5502337
2855540
7459028
7490072
40635
2755765
3665164
1161140
719061
4914044
1300334
2754246
5806012
2546124
4703934
2820890
311343
2746004
620009
2028061
335849
3576969
450205
683942
3268430
1509436
1300335
469588
144090
3575414
3819044
2723660
4709804
4703925
3686231
335850
2762638
4703922
2071621
719062
1939418
67401
2025788
145563
4926156
5293009
719068
872557
2858897
2597741
882726
30251
28838
4085336
4924547
1161139
4199434
719065
1509437
904364
39989
3667391
2831353
8306442
2579298
948999
8280356
684508
329569
4125016
271038
4617873
2033591
151335
6823792
7499911
2722004
40007
3665426
309078
1013675
3617525
2165398
1308874
1970473
3577255
2891804
23787
28782
4703926
4703943
4100373
2691100
7325293
5665992
1005411
1295192
1356084
4944546
4703930
2033590
5806013
450209
1356086
6570152
3183166
1356082
5238384
117187
1524806
215513
8243286
5313542
7158398
4837891
4944558
5660494
5205211
6778953
335848
5293006
192558
5806015
1302200
4777073
4703944
6983006
5806011
3195578
386042
3008038
1189500
2076442
2726848
2730806
1302199
158269
4545562
3485805
4944550
8265353
2825242
2755735
634904
5211994
2837365
8265358
306944
2031549
2592821
4161249
153715
2579312
3529347
145568
67400
4703937
4703938
4777072
1366179
1308877
7602999
1259943
1313623
39982
1356100
5293008
5293007
4944555
5211993
684510
6485824
1308875
192564
2831339
3577060
624885
7625456
2101932
4273819
7538565
684506
423487
3229465
3274553
7998693
2101933
6585970
3195577
63517
3317473
946001
897405
749829
370928
3519550
7246859
4944547
6808677
897408
1016735
370931
5243222
67397
